424
44
74
74
104
104
105
105
106
106
121
122
122
136
136
152
152
163
164
164
165
165
166
166
166
166
167
167
168
168
182
182
183
183
184
184
185
185
195
196
196
198
198
199
199
200
200
201
215
215
224
224
225
225
226
226
245
245
246
246
254
254
256
256
276
276
284
284
286
286
306
306
307
307
314
314
316
316
337
337
344
344
346
346
357
357
358
362
364
366
366
367
367
367
367
368
374
374
376
376
385
385
386
386
387
387
392
392
393
393
394
394
394
396
396
397
397
404
404
406
406
407
407
409
409
410
410
411
411
411
412
412
413
413
414
414
415
415
424
424
424
425
425
426
426
426
426
427
427
427
427
428
428
429
429
430
430
434
434
437
437
438
438
439
439
439
439
440
440
441
441
454
454
456
456
457
457
460
460
461
461
462
462
463
463
464
464
464
468
468
469
469
469
484
484
485
485
486
486
487
487
494
494
494
495
495
496
496
496
497
497
498
498
498
499
499
499
514
514
515
517
517
518
518
521
522
522
523
523
524
524
524
524
525
525
525
526
526
529
529
529
530
530
531
531
532
532
533
533
534
534
535
535
544
544
548
548
554
554
555
555
555
556
556
557
557
559
559
565
565
566
566
567
567
568
568
574
574
578
578
582
583
583
584
584
584
584
585
585
587
587
589
589
598
600
601
601
602
602
603
603
604
604
604
604
605
605
608
608
614
614
617
617
618
618
619
619
619
620
620
620
621
621
622
622
623
623
634
634
635
635
636
636
637
637
638
638
638
639
639
644
644
650
650
651
651
652
652
653
653
664
664
669
669
669
670
670
671
671
672
672
673
673
674
674
674
674
675
675
676
676
677
677
678
678
679
679
680
680
682
683
683
684
684
685
685
686
686
687
687
688
688
689
694
694
699
699
700
700
701
701
704
704
710
710
711
711
724
724
731
731
734
741
741
742
742
754
754
761
772
782
783
783
784
784
442
0,2
1,0
2,3
3,5
4,1
5,8
6,4
7,6
8,13
9,11
10,9
11,15
12,7
13,23
14,10
15,29
16,17
17,19
18,16
19,22
20,18
21,12
22,25
23,39
24,20
25,28
26,24
27,26
28,40
29,31
30,14
31,33
32,30
33,36
34,32
35,34
36,48
37,52
38,21
39,54
40,42
41,27
42,44
43,41
44,46
45,43
46,45
47,35
48,55
49,51
50,60
51,37
52,50
53,38
54,62
55,58
56,47
57,56
58,64
59,49
60,66
61,53
62,68
63,57
64,69
65,59
66,74
67,61
68,76
69,72
70,63
71,70
72,78
73,65
74,80
75,67
76,82
77,71
78,92
79,73
80,96
81,75
82,98
83,85
84,104
85,84
86,105
87,111
88,91
89,113
90,77
91,94
92,115
93,89
94,93
95,79
96,117
97,81
98,118
99,101
100,136
101,103
102,100
103,83
104,102
105,107
106,86
107,110
108,106
109,87
109,108
110,138
111,138
112,88
113,144
114,90
115,148
116,95
117,157
118,121
119,97
120,119
121,158
122,124
123,164
124,127
125,123
126,129
127,129
128,169
128,125
129,131
130,128
131,133
132,130
133,135
134,132
135,99
136,134
137,109
138,140
138,171
139,109
140,143
141,139
142,112
143,147
144,173
145,141
146,114
147,150
148,175
149,145
150,152
151,149
152,155
153,151
154,153
155,176
156,116
157,186
158,160
159,120
160,163
161,159
162,122
162,161
163,166
163,191
164,191
165,161
166,168
167,165
168,126
169,167
170,137
171,193
172,142
173,197
174,146
175,199
176,178
177,154
178,180
179,177
180,182
181,179
182,185
183,181
184,156
184,183
185,201
186,201
187,190
188,211
189,162
190,162
191,215
191,188
192,170
193,217
194,196
195,218
196,172
197,195
198,174
199,219
200,184
201,203
201,230
202,184
203,206
204,202
205,208
206,208
207,236
207,204
208,210
209,207
210,187
210,214
211,209
212,209
213,189
213,212
214,238
215,238
216,192
217,253
218,194
219,222
220,198
221,220
222,255
223,224
224,226
225,223
226,229
227,225
228,200
229,233
230,257
231,227
232,235
232,231
233,259
234,259
235,205
236,234
237,213
238,240
238,266
239,213
240,242
241,239
242,244
243,241
244,246
245,243
246,248
247,245
248,251
249,247
250,249
251,267
252,216
253,276
254,221
255,278
256,228
257,284
258,232
259,261
259,287
260,232
261,264
262,260
263,262
264,289
265,237
266,291
267,269
268,250
269,271
270,268
271,274
272,270
273,272
274,292
275,252
276,302
277,254
278,307
279,280
280,283
281,279
282,256
283,286
284,309
285,281
286,258
287,285
288,263
289,310
290,265
291,315
292,273
293,294
294,296
295,293
296,298
297,295
298,301
299,297
300,275
301,305
302,327
303,299
304,303
305,328
306,277
307,335
308,282
309,340
310,312
311,288
312,314
313,311
314,318
315,318
316,290
316,313
317,316
318,320
318,341
319,316
320,322
321,319
322,325
323,321
324,323
325,348
326,300
327,350
328,330
329,304
330,332
331,329
332,334
333,331
334,338
335,338
336,306
336,333
337,336
338,352
339,308
340,364
341,343
342,317
343,346
344,342
345,344
346,378
347,324
348,379
349,326
350,393
351,337
352,354
352,394
353,337
354,356
355,353
356,358
357,355
358,360
359,357
360,363
361,359
362,339
363,366
364,401
365,361
366,368
367,365
368,370
369,367
370,372
371,369
372,374
373,371
374,377
375,373
376,375
377,402
378,345
379,381
380,347
381,383
382,380
383,385
384,382
385,387
386,384
387,389
388,386
389,391
390,388
391,390
392,349
393,407
394,396
395,351
396,399
397,395
398,397
399,409
400,362
401,410
402,405
403,376
404,403
405,411
406,392
407,416
408,398
409,417
410,400
411,414
412,404
413,412
414,418
415,406
416,423
417,408
418,413
419,420
420,422
421,419
422,415
423,421
