168
0,((0, 0), (1, 0))
1,((0, 2), (1, 2))
2,((0, 4), (0, 5))
3,((0, 5), (1, 5))
4,((0, 5), (0, 4))
5,((0, 5), (0, 6))
6,((0, 6), (0, 5))
7,((1, 0), (2, 0))
8,((1, 0), (0, 0))
9,((1, 2), (2, 2))
10,((1, 2), (0, 2))
11,((1, 3), (2, 3))
12,((1, 3), (1, 4))
13,((1, 4), (1, 3))
14,((1, 4), (1, 5))
15,((1, 5), (2, 5))
16,((1, 5), (1, 4))
17,((1, 5), (0, 5))
18,((1, 9), (2, 9))
19,((2, 0), (3, 0))
20,((2, 0), (1, 0))
21,((2, 1), (3, 1))
22,((2, 2), (3, 2))
23,((2, 2), (1, 2))
24,((2, 2), (2, 3))
25,((2, 3), (2, 2))
26,((2, 3), (1, 3))
27,((2, 4), (2, 5))
28,((2, 5), (2, 4))
29,((2, 5), (1, 5))
30,((2, 5), (2, 6))
31,((2, 6), (2, 5))
32,((2, 6), (2, 7))
33,((2, 7), (2, 6))
34,((2, 7), (2, 8))
35,((2, 8), (3, 8))
36,((2, 8), (2, 7))
37,((2, 9), (3, 9))
38,((2, 9), (1, 9))
39,((3, 0), (2, 0))
40,((3, 0), (3, 1))
41,((3, 1), (3, 0))
42,((3, 1), (2, 1))
43,((3, 1), (3, 2))
44,((3, 2), (4, 2))
45,((3, 2), (3, 1))
46,((3, 2), (2, 2))
47,((3, 2), (3, 3))
48,((3, 3), (4, 3))
49,((3, 3), (3, 2))
50,((3, 5), (4, 5))
51,((3, 7), (4, 7))
52,((3, 8), (4, 8))
53,((3, 8), (2, 8))
54,((3, 9), (4, 9))
55,((3, 9), (2, 9))
56,((4, 0), (5, 0))
57,((4, 2), (5, 2))
58,((4, 2), (3, 2))
59,((4, 3), (5, 3))
60,((4, 3), (3, 3))
61,((4, 3), (4, 4))
62,((4, 4), (4, 3))
63,((4, 4), (4, 5))
64,((4, 5), (5, 5))
65,((4, 5), (4, 4))
66,((4, 5), (3, 5))
67,((4, 5), (4, 6))
68,((4, 6), (5, 6))
69,((4, 6), (4, 5))
70,((4, 6), (4, 7))
71,((4, 7), (4, 6))
72,((4, 7), (3, 7))
73,((4, 8), (5, 8))
74,((4, 8), (3, 8))
75,((4, 8), (4, 9))
76,((4, 9), (5, 9))
77,((4, 9), (4, 8))
78,((4, 9), (3, 9))
79,((5, 0), (6, 0))
80,((5, 0), (4, 0))
81,((5, 1), (5, 2))
82,((5, 2), (6, 2))
83,((5, 2), (5, 1))
84,((5, 2), (4, 2))
85,((5, 2), (5, 3))
86,((5, 3), (5, 2))
87,((5, 3), (4, 3))
88,((5, 3), (5, 4))
89,((5, 4), (6, 4))
90,((5, 4), (5, 3))
91,((5, 4), (5, 5))
92,((5, 5), (5, 4))
93,((5, 5), (4, 5))
94,((5, 6), (4, 6))
95,((5, 8), (6, 8))
96,((5, 8), (4, 8))
97,((5, 9), (6, 9))
98,((5, 9), (4, 9))
99,((6, 0), (5, 0))
100,((6, 0), (6, 1))
101,((6, 1), (7, 1))
102,((6, 1), (6, 0))
103,((6, 1), (6, 2))
104,((6, 2), (7, 2))
105,((6, 2), (6, 1))
106,((6, 2), (5, 2))
107,((6, 2), (6, 3))
108,((6, 3), (7, 3))
109,((6, 3), (6, 2))
110,((6, 4), (7, 4))
111,((6, 4), (5, 4))
112,((6, 4), (6, 5))
113,((6, 5), (6, 4))
114,((6, 5), (6, 6))
115,((6, 6), (7, 6))
116,((6, 6), (6, 5))
117,((6, 7), (7, 7))
118,((6, 7), (6, 8))
119,((6, 8), (7, 8))
120,((6, 8), (6, 7))
121,((6, 8), (5, 8))
122,((6, 8), (6, 9))
123,((6, 9), (7, 9))
124,((6, 9), (6, 8))
125,((6, 9), (5, 9))
126,((7, 1), (8, 1))
127,((7, 1), (6, 1))
128,((7, 2), (6, 2))
129,((7, 3), (8, 3))
130,((7, 3), (6, 3))
131,((7, 3), (7, 4))
132,((7, 4), (7, 3))
133,((7, 4), (6, 4))
134,((7, 4), (7, 5))
135,((7, 5), (8, 5))
136,((7, 5), (7, 4))
137,((7, 6), (6, 6))
138,((7, 7), (8, 7))
139,((7, 7), (6, 7))
140,((7, 8), (8, 8))
141,((7, 8), (6, 8))
142,((7, 9), (6, 9))
143,((8, 0), (8, 1))
144,((8, 1), (8, 0))
145,((8, 1), (7, 1))
146,((8, 1), (8, 2))
147,((8, 2), (9, 2))
148,((8, 2), (8, 1))
149,((8, 2), (8, 3))
150,((8, 3), (8, 2))
151,((8, 3), (7, 3))
152,((8, 5), (7, 5))
153,((8, 5), (8, 6))
154,((8, 6), (9, 6))
155,((8, 6), (8, 5))
156,((8, 6), (8, 7))
157,((8, 7), (9, 7))
158,((8, 7), (8, 6))
159,((8, 7), (7, 7))
160,((8, 8), (7, 8))
161,((9, 2), (8, 2))
162,((9, 6), (8, 6))
163,((9, 7), (8, 7))
164,((9, 7), (9, 8))
165,((9, 8), (9, 7))
166,((9, 8), (9, 9))
167,((9, 9), (9, 8))
