292
5
5
6
6
7
12
15
17
32
32
33
33
34
34
35
35
35
36
42
42
43
43
44
44
45
45
45
45
46
46
46
47
47
50
50
51
51
52
52
53
53
54
54
55
59
61
62
62
65
65
66
66
67
67
68
68
69
69
70
70
75
75
76
76
76
76
77
77
77
78
78
79
79
80
80
80
81
81
81
82
82
83
83
84
84
85
85
86
86
87
87
88
88
89
89
90
91
91
95
95
96
96
97
97
100
100
101
101
101
102
102
102
103
103
103
104
104
105
105
106
106
106
107
107
111
111
118
121
121
124
125
125
126
126
127
127
127
128
128
129
129
129
130
130
131
131
132
133
133
134
137
141
141
142
142
143
143
147
147
148
148
151
151
159
159
159
160
160
160
161
161
161
162
162
163
163
164
164
165
165
166
166
167
167
167
168
168
169
169
170
170
171
171
172
173
173
173
174
174
175
175
175
176
176
176
177
177
181
181
182
182
183
183
184
184
185
185
186
186
187
187
188
188
189
189
189
190
190
190
190
191
191
191
192
192
192
193
193
194
194
195
195
196
196
197
197
198
198
199
201
201
202
202
203
203
204
204
205
205
206
220
222
222
223
223
224
224
233
252
253
253
254
254
254
255
255
256
256
257
257
258
258
259
259
260
260
261
261
262
262
263
263
316
0,2
1,16
2,4
3,1
4,3
5,18
6,26
7,32
8,10
9,47
10,12
11,9
12,15
13,11
14,13
15,0
15,49
16,13
17,50
18,20
19,5
20,22
21,19
22,25
23,21
24,6
25,29
26,60
27,23
28,31
28,27
29,64
30,64
31,7
32,30
33,35
34,74
35,37
36,34
37,39
38,36
39,41
40,38
41,43
42,40
43,42
44,94
45,46
46,8
47,45
48,14
49,98
50,52
51,17
52,54
53,51
54,56
55,53
56,59
57,55
58,57
59,104
60,63
61,24
62,28
63,67
64,67
64,120
65,28
65,61
66,69
67,69
68,123
68,65
69,71
70,68
71,73
72,70
73,33
73,77
74,72
75,72
76,75
77,79
77,125
78,75
79,81
80,78
81,83
82,80
83,85
84,82
85,87
86,84
87,89
88,86
89,91
90,88
91,93
92,90
93,44
94,92
95,97
96,95
97,128
98,100
99,48
100,103
101,99
102,101
103,135
104,107
105,58
106,110
107,110
108,145
108,105
109,113
110,113
111,146
111,108
112,111
113,115
113,147
114,111
115,117
116,114
117,119
118,116
119,62
119,122
120,118
121,118
122,66
123,121
124,76
125,151
126,160
127,96
128,162
129,130
130,132
131,129
132,134
133,131
134,137
135,137
136,102
136,133
137,140
138,136
139,138
140,142
140,164
141,138
142,144
143,141
144,106
145,143
146,109
147,149
148,112
149,148
150,183
151,153
152,124
153,156
154,152
155,154
156,195
157,159
158,206
159,126
160,158
161,127
162,207
163,167
164,167
165,139
165,224
166,170
167,170
168,228
168,165
169,168
170,172
170,231
171,168
172,174
173,171
174,176
175,173
176,178
177,175
178,180
179,177
180,182
181,179
182,150
182,185
183,181
184,181
185,187
186,184
187,189
188,186
189,192
190,188
191,190
192,249
193,194
194,197
195,197
196,155
196,193
197,200
198,196
199,203
200,203
201,258
201,198
202,201
203,205
203,259
204,201
205,157
206,204
207,209
208,161
209,211
210,208
211,213
212,210
213,215
214,212
215,217
216,214
217,219
218,216
219,221
220,218
221,223
222,220
223,163
223,227
224,222
225,222
226,166
227,230
228,260
229,225
230,234
231,234
232,169
232,229
233,232
234,236
234,261
235,232
236,238
237,235
238,240
239,237
240,242
241,239
242,244
243,241
244,246
245,243
246,248
247,245
248,247
249,251
250,191
251,253
252,250
253,255
254,252
255,257
256,254
257,199
258,256
259,202
260,226
261,263
262,233
263,266
264,262
265,264
266,272
267,291
268,269
269,271
270,268
271,274
272,274
273,265
273,270
274,276
275,273
276,278
277,275
278,280
279,277
280,282
281,279
282,284
283,281
284,286
285,283
286,288
287,285
288,290
289,287
290,267
291,289
