149,148,112,111,108,105,58,57,55,53,51,17,
95,97,128,162,207,209,211,213,215,217,219,221,223,227,230,234,236,238,240,242,244,246,248,
45,46,8,10,12,15,0,2,4,
129,130,132,134,137,140,142,144,106,110,113,115,117,119,62,28,31,7,
267,291,289,287,285,283,281,279,277,275,273,270,268,
260,226,166,170,172,174,176,178,180,182,150,
43,42,40,38,36,34,34,34,74,72,70,68,65,28,27,23,21,19,5,
44,94,92,90,88,86,84,82,80,78,75,72,70,68,123,121,118,116,114,111,146,
126,160,158,206,204,201,198,196,193,
6,26,60,63,67,69,71,73,77,125,151,153,156,195,197,200,203,259,
