86,105,107,110,138,140,143,147,150,152,155,176,178,180,182,185,201,203,206,208,210,214,238,240,242,244,246,248,251,267,269,271,274,292,
293,294,296,298,301,305,328,330,332,334,338,352,354,356,358,360,363,366,368,370,372,374,377,402,405,411,414,418,
391,390,388,386,384,382,380,347,324,323,321,319,316,313,311,288,263,262,260,232,231,227,225,223,
417,408,398,397,395,351,337,336,306,277,254,221,220,198,174,146,114,90,77,71,70,63,57,56,47,35,34,32,30,14,10,9,
85,84,104,102,100,136,134,132,130,128,125,123,164,191,188,211,209,207,236,236,234,259,287,285,281,279,
37,52,50,60,66,74,80,96,117,157,186,201,230,257,284,309,340,364,401,410,
419,420,422,415,406,392,349,326,300,275,252,216,192,170,137,109,87,
46,45,43,41,27,26,24,20,18,16,
218,194,196,172,142,112,88,91,94,
378,345,344,342,317,316,290,265,237,213,189,162,161,159,120,119,97,81,75,67,61,53,38,21,12,7,6,4,1,0,
