634
325
325
326
326
326
327
327
328
328
329
329
330
330
330
331
331
365
365
366
366
370
370
370
371
371
371
372
372
373
373
373
374
374
374
375
375
376
376
377
377
378
378
378
379
379
379
380
380
381
381
382
382
383
383
384
384
385
385
405
405
405
406
406
406
410
410
411
411
412
412
413
413
413
414
414
414
415
415
416
416
417
417
418
418
418
419
419
419
420
420
421
421
421
422
422
423
423
424
424
425
425
445
445
445
446
446
446
461
461
461
462
462
463
463
464
464
464
465
465
465
466
466
467
467
467
468
468
468
469
469
470
470
471
471
472
472
472
473
473
473
474
474
475
475
485
485
486
486
501
501
502
502
503
503
504
504
505
505
505
506
506
507
507
507
508
508
508
509
509
510
510
511
511
512
512
512
513
513
513
514
514
515
515
515
525
525
526
526
545
545
555
555
565
565
566
566
585
585
595
595
605
605
605
606
606
606
625
625
635
635
645
645
645
646
646
646
665
665
665
666
666
667
667
668
668
669
669
670
670
671
671
672
672
673
673
674
674
675
675
675
685
685
686
686
705
705
706
706
707
707
708
708
709
709
710
710
711
711
712
712
713
713
714
714
715
715
725
725
726
726
745
745
746
746
746
747
747
747
748
748
765
765
766
766
785
785
786
786
805
805
806
806
825
825
825
826
826
826
845
845
846
846
865
865
865
866
866
866
885
885
886
886
905
905
906
906
925
925
926
926
945
945
946
946
965
965
965
966
966
966
985
985
986
986
1005
1005
1005
1006
1006
1006
1025
1025
1025
1026
1026
1026
1045
1045
1046
1046
1065
1065
1065
1066
1066
1066
1085
1085
1086
1086
1105
1105
1106
1106
1125
1125
1126
1126
1145
1145
1146
1146
1146
1147
1147
1147
1148
1148
1149
1149
1150
1150
1151
1151
1152
1152
1153
1153
1154
1154
1155
1155
1156
1156
1157
1157
1158
1158
1165
1165
1165
1166
1166
1166
1185
1185
1186
1186
1186
1187
1187
1188
1188
1189
1189
1190
1190
1191
1191
1192
1192
1193
1193
1194
1194
1195
1195
1196
1196
1197
1197
1198
1198
1198
1205
1205
1205
1206
1206
1206
1226
1226
1238
1238
1245
1245
1246
1246
1266
1266
1278
1278
1285
1285
1286
1286
1286
1286
1287
1287
1287
1288
1288
1289
1289
1290
1290
1291
1291
1292
1292
1293
1293
1294
1294
1295
1295
1296
1296
1306
1306
1318
1318
1326
1326
1327
1327
1328
1328
1329
1329
1330
1330
1331
1331
1332
1332
1333
1333
1334
1334
1335
1335
1336
1336
1336
1346
1346
1358
1358
1366
1366
1367
1367
1368
1368
1369
1369
1370
1370
1371
1371
1372
1372
1373
1373
1374
1374
1375
1375
1376
1376
1376
1377
1377
1378
1378
1378
1379
1379
1379
1380
1380
1381
1381
1382
1382
1383
1383
1383
1384
1384
1384
1385
1385
1386
1386
1386
1386
1387
1387
1388
1388
1389
1389
1390
1390
1390
1391
1391
1391
1392
1392
1393
1393
1394
1394
1395
1395
1395
1396
1396
1396
1397
1397
1398
1398
1398
1418
1418
1419
1419
1419
1420
1420
1421
1421
1422
1422
1423
1423
1423
1424
1424
1426
1426
1427
1427
1428
1428
1429
1429
1430
1430
1430
1431
1431
1431
1432
1432
1433
1433
1434
1434
1435
1435
1435
1436
1436
1436
1437
1437
1438
1438
716
0,3
1,17
2,5
3,5
4,19
4,1
5,7
6,4
7,9
8,6
9,12
10,8
11,10
12,15
12,21
13,10
14,13
15,24
16,0
17,59
18,2
19,63
20,11
21,23
21,64
22,11
23,26
24,26
25,14
25,22
26,29
27,25
28,27
29,32
29,71
30,27
31,34
32,34
33,74
33,30
34,36
35,33
36,38
37,35
38,41
39,37
40,39
41,44
41,83
42,39
43,46
44,46
45,86
45,42
46,48
47,45
48,50
49,47
50,52
51,49
52,54
53,51
54,57
55,53
56,55
57,100
58,16
59,62
59,102
60,16
61,18
61,60
62,106
63,106
64,66
65,20
66,68
67,65
68,70
69,67
70,73
71,73
72,28
72,69
73,31
73,76
74,72
75,72
76,78
77,75
78,80
79,77
80,82
81,79
82,85
83,85
84,40
84,81
85,43
85,88
86,84
87,84
88,91
89,87
90,89
91,93
91,108
92,89
93,95
94,92
95,98
96,94
97,96
98,115
99,56
100,118
101,58
101,105
102,145
103,145
104,61
105,61
106,147
106,103
107,90
108,110
108,148
109,90
110,112
111,109
112,114
113,111
114,117
115,117
116,97
116,113
117,120
118,120
119,99
119,116
120,123
121,119
122,121
123,126
123,162
124,121
125,128
126,128
127,165
127,124
128,130
129,127
130,132
131,129
132,135
133,131
134,133
135,138
135,174
136,133
137,140
138,140
139,177
139,136
140,143
141,139
142,141
143,183
144,101
145,185
146,104
147,187
148,150
149,107
150,152
151,149
152,154
153,151
154,157
155,153
156,159
157,159
158,189
158,155
159,161
160,158
161,164
162,164
163,122
163,160
164,125
164,167
165,163
166,163
167,169
168,166
169,171
170,168
171,173
172,170
173,176
174,176
175,134
175,172
176,137
176,179
177,175
178,175
179,182
180,178
181,142
181,180
182,191
183,191
184,144
185,193
186,146
187,195
188,156
189,197
190,181
191,199
192,184
193,201
194,186
195,205
196,188
197,207
198,190
199,209
200,192
201,204
201,211
202,192
203,194
203,202
204,215
205,215
206,196
207,217
208,198
209,239
210,200
210,214
211,241
212,241
213,203
214,203
215,243
215,212
216,206
217,220
217,245
218,206
219,218
220,247
221,223
222,249
223,225
224,222
225,227
226,224
227,229
228,226
229,231
230,228
231,233
232,230
233,235
234,232
235,238
236,234
237,208
238,208
239,265
239,236
240,210
241,267
242,213
243,269
244,216
245,271
246,219
247,273
248,221
249,276
250,252
251,279
252,254
253,251
254,256
255,253
256,258
257,255
258,260
259,257
260,262
261,259
262,264
263,261
264,237
265,263
266,240
267,281
268,242
269,283
270,244
271,285
272,246
272,275
273,287
274,287
275,248
275,278
276,274
277,274
278,250
279,277
280,266
281,289
282,268
283,291
284,270
285,293
286,272
287,297
288,280
289,299
290,282
291,301
292,284
293,296
293,303
294,284
295,286
295,294
296,307
297,307
298,288
299,309
300,290
301,311
302,292
302,306
303,313
304,313
305,295
306,295
307,315
307,304
308,298
309,317
310,300
311,319
312,302
313,321
314,305
315,323
316,308
317,325
318,310
319,329
320,312
321,331
322,314
323,333
324,316
325,328
325,335
326,316
327,318
327,326
328,339
329,339
330,320
331,341
332,322
333,345
334,324
334,338
335,347
336,347
337,327
338,327
339,349
339,336
340,330
341,344
341,351
342,330
343,332
343,342
344,355
345,355
346,334
347,357
348,337
349,359
350,340
350,354
351,361
352,361
353,343
354,343
355,363
355,352
356,346
357,365
358,348
359,367
360,350
361,369
362,353
363,371
364,356
365,399
366,358
367,403
368,360
369,404
370,362
371,374
371,408
372,362
373,372
374,376
374,409
375,372
376,378
377,375
378,380
379,377
380,382
381,379
382,384
383,381
384,386
385,383
386,388
387,385
388,390
389,387
390,392
391,389
392,394
393,391
394,397
395,393
396,395
397,433
398,364
399,402
399,435
400,364
401,366
401,400
402,439
403,439
404,407
405,368
406,370
406,405
407,441
408,441
409,411
410,373
411,413
412,410
413,415
414,412
415,417
416,414
417,419
418,416
419,421
420,418
421,423
422,420
423,425
424,422
425,427
426,424
427,429
428,426
429,432
430,428
431,396
431,430
432,443
433,443
434,398
434,438
435,445
436,445
437,401
438,401
439,447
439,436
440,406
441,449
442,431
443,451
444,434
445,452
446,437
447,456
448,440
449,480
450,442
451,482
452,455
453,444
454,446
455,459
456,459
456,484
457,446
457,453
458,457
459,461
459,485
460,457
461,463
462,460
463,465
464,462
465,467
466,464
467,469
468,466
469,471
470,468
471,473
472,470
473,475
474,472
475,478
476,474
477,476
478,505
479,448
480,507
481,450
482,509
483,454
484,510
485,487
486,458
487,489
488,486
489,491
490,488
491,493
492,490
493,495
494,492
495,497
496,494
497,499
498,496
499,501
500,498
501,504
502,500
503,477
503,502
504,531
505,531
506,479
507,557
508,481
509,587
510,512
511,483
512,514
513,511
514,516
515,513
516,518
517,515
518,520
519,517
520,522
521,519
522,524
523,521
524,526
525,523
526,528
527,525
528,530
529,527
530,533
531,533
532,503
532,529
533,536
534,532
535,534
536,539
536,588
537,534
538,541
539,541
540,591
540,537
541,543
542,540
543,545
544,542
545,548
546,544
547,546
548,551
548,600
549,546
550,553
551,553
552,603
552,549
553,556
554,552
555,506
555,554
556,559
556,604
557,559
557,604
558,506
558,554
559,561
560,558
561,563
562,560
563,566
564,562
565,564
566,569
566,613
567,564
568,571
569,571
570,616
570,567
571,573
572,570
573,575
574,572
575,578
576,574
577,576
578,581
578,625
579,576
580,583
581,583
582,628
582,579
583,586
584,582
585,508
586,508
587,633
587,584
588,590
589,535
590,538
590,593
591,589
592,589
593,595
594,592
595,597
596,594
597,599
598,596
599,602
600,602
601,547
601,598
602,550
603,601
604,606
605,555
606,608
607,605
608,610
609,607
610,612
611,609
612,615
613,615
614,565
614,611
615,568
615,618
616,614
617,614
618,620
619,617
620,622
621,619
622,624
623,621
624,627
625,627
626,577
626,623
627,580
627,630
628,626
629,626
630,632
631,629
632,585
633,631
