490
38
38
39
39
39
40
40
41
41
42
42
43
43
44
44
45
45
68
68
69
69
75
75
98
98
98
99
99
99
105
105
128
128
128
129
129
129
135
135
158
158
159
159
159
160
160
165
165
188
188
189
189
190
190
195
195
218
218
219
219
220
220
225
225
229
229
230
230
231
231
232
232
233
233
234
234
235
235
248
248
249
249
250
250
255
255
256
256
257
257
257
258
258
258
259
259
259
260
260
261
261
262
262
263
263
264
264
265
265
265
266
266
266
267
267
267
268
268
269
269
278
278
279
279
280
280
285
285
286
286
287
287
287
288
288
288
289
289
289
290
290
291
291
292
292
293
293
294
294
295
295
295
296
296
296
297
297
297
298
298
299
299
299
308
308
309
309
310
310
315
315
319
319
320
320
321
321
322
322
323
323
324
324
325
325
329
329
338
338
339
339
339
340
340
345
345
359
359
368
368
368
369
369
369
375
375
389
389
398
398
398
399
399
399
405
405
419
419
428
428
429
429
435
435
449
449
458
458
459
459
459
460
460
461
461
462
462
463
463
464
464
465
465
465
479
479
488
488
489
489
495
495
509
509
518
518
518
519
519
519
525
525
539
539
548
548
548
549
549
549
555
555
569
569
578
578
579
579
585
585
591
591
592
592
593
593
599
599
608
608
609
609
615
615
620
620
621
621
621
622
622
623
623
623
624
624
629
629
638
638
639
639
645
645
649
649
650
650
650
651
651
652
652
653
653
654
654
654
655
655
659
659
668
668
669
669
675
675
675
676
676
677
677
677
678
678
678
679
679
679
680
680
681
681
682
682
683
683
684
684
685
685
685
686
686
686
687
687
687
688
688
689
689
698
698
699
699
705
705
707
707
708
708
708
709
709
709
710
710
711
711
712
712
713
713
714
714
715
715
715
716
716
716
717
717
728
728
729
729
735
735
739
739
740
740
740
741
741
742
742
743
743
744
744
744
745
745
758
758
759
759
765
765
770
770
771
771
771
772
772
773
773
773
774
774
788
788
788
789
789
789
795
795
801
801
802
802
803
803
818
818
818
819
819
819
825
825
848
848
849
849
855
855
878
878
879
879
879
880
880
881
881
882
882
883
883
884
884
885
885
544
0,3
1,18
2,5
3,5
4,20
4,1
5,7
6,4
7,9
8,6
9,11
10,8
11,13
12,10
13,16
14,12
15,14
16,22
17,0
18,24
19,2
20,28
21,15
22,30
23,17
24,27
24,32
25,17
26,19
26,25
27,36
28,36
29,21
30,38
31,23
31,35
32,40
33,40
34,26
35,26
36,42
36,33
37,29
38,47
39,31
40,49
41,34
42,45
42,51
43,34
44,43
45,53
46,37
47,55
48,39
49,57
50,41
51,59
52,44
53,61
54,46
55,63
56,48
57,79
58,50
59,81
60,52
61,83
62,54
63,84
64,66
65,95
66,68
67,65
68,70
69,67
70,72
71,69
72,74
73,71
74,77
75,73
76,75
77,108
78,56
79,121
80,58
81,123
82,60
83,125
84,86
85,62
86,89
87,85
88,87
89,92
89,131
90,87
91,94
92,94
93,134
93,90
94,64
94,97
95,93
96,93
97,99
98,96
99,101
100,98
101,103
102,100
103,105
104,102
105,107
106,104
107,111
108,111
109,76
109,106
110,109
111,114
111,153
112,109
113,116
114,116
115,156
115,112
116,119
117,115
118,117
119,162
120,78
121,164
122,80
123,166
124,82
125,168
126,128
127,170
128,130
129,127
130,133
131,133
132,88
132,129
133,91
133,137
134,132
135,132
136,135
137,139
137,171
138,135
139,141
140,138
141,143
142,140
143,145
144,142
145,147
146,144
147,150
148,146
149,152
150,152
151,184
151,148
152,155
153,155
154,110
154,151
155,113
155,158
156,154
157,154
158,161
159,157
160,118
160,159
161,186
162,186
163,120
164,188
165,122
166,190
167,124
168,193
169,126
170,195
171,173
172,136
173,175
174,172
175,177
176,174
177,179
178,176
179,181
180,178
181,183
182,180
183,149
184,182
185,160
186,197
187,163
188,199
189,165
189,192
190,203
191,203
192,167
193,191
194,169
195,205
196,185
197,207
198,187
199,202
199,209
200,187
201,189
201,200
202,213
203,213
204,194
205,215
206,196
207,217
208,198
208,212
209,219
210,219
211,201
212,201
213,221
213,210
214,204
215,223
216,206
217,225
218,208
219,227
220,211
221,229
222,214
223,243
224,216
225,245
226,218
227,247
228,220
229,231
229,249
230,220
231,233
232,230
233,235
234,232
235,237
236,234
237,239
238,236
239,242
240,238
241,240
242,222
242,251
243,240
244,224
245,253
246,226
247,255
248,228
249,259
250,241
251,261
252,244
253,263
254,246
255,258
255,265
256,246
257,248
257,256
258,269
259,269
260,250
261,271
262,252
263,273
264,254
264,268
265,275
266,275
267,257
268,257
269,277
269,266
270,260
271,279
272,262
273,287
274,264
275,289
276,267
277,291
278,270
279,293
280,282
281,297
282,285
283,281
284,283
285,302
286,272
287,307
288,274
289,309
290,276
291,311
292,278
293,313
294,296
295,317
296,280
296,299
297,295
298,295
299,301
300,298
301,305
302,305
303,284
303,300
304,303
305,326
306,286
307,331
308,288
309,333
310,290
311,335
312,292
313,337
314,316
315,348
316,294
316,319
317,315
318,315
319,321
320,318
321,323
322,320
323,325
324,322
325,329
326,329
327,304
327,324
328,327
329,361
330,306
331,372
332,308
333,374
334,310
335,376
336,339
337,339
338,312
338,378
339,342
340,338
341,340
342,345
342,379
343,340
344,347
345,347
346,382
346,343
347,314
347,350
348,346
349,346
350,352
351,349
352,354
353,351
354,356
355,353
356,358
357,355
358,360
359,357
360,364
361,364
362,328
362,359
363,362
364,367
364,401
365,362
366,369
367,369
368,404
368,365
369,371
370,368
371,330
372,370
373,332
374,406
375,334
376,408
377,336
378,410
379,381
380,341
381,344
381,385
382,380
383,380
384,383
385,387
385,411
386,383
387,389
388,386
389,391
390,388
391,393
392,390
393,395
394,392
395,398
396,394
397,400
398,400
399,426
399,396
400,403
401,403
402,363
402,399
403,366
404,402
405,373
406,428
407,375
408,430
409,377
410,432
411,414
412,384
413,412
414,416
414,433
415,412
416,418
417,415
418,420
419,417
420,423
421,419
422,425
423,425
424,444
424,421
425,397
426,424
427,405
428,446
429,407
430,450
431,409
432,452
433,436
434,413
435,434
436,438
436,453
437,434
438,441
439,437
440,443
441,443
442,458
442,439
443,422
444,442
445,427
446,449
446,460
447,427
448,429
448,447
449,464
450,464
451,431
452,466
453,455
454,435
455,457
456,454
457,440
458,456
459,445
459,463
460,468
461,468
462,448
463,448
464,470
464,461
465,451
466,472
467,459
468,473
469,462
470,476
471,465
472,489
473,475
474,467
475,478
476,478
477,469
477,474
478,480
479,477
480,482
481,479
482,484
483,481
484,486
485,483
486,488
487,485
488,471
489,487
