-1,283,281,297,295,317,315,348,346,343,340,338,312,292,278,270,260,250,241,240,238,236,234,232,230,220,211,201,189,165,122,80,58,50,41,34,26,19,2,5,7,9,11,13,16,22,30,38,47,55,63,84,86,89,92,94,97,99,101,
-1,144,142,140,138,135,132,88,87,85,62,54,46,37,29,21,15,14,12,10,8,6,4,20,28,36,42,45,53,61,83,125,168,193,191,203,213,221,229,231,233,235,237,239,242,251,261,271,279,293,313,337,339,342,345,347,314,316,294,296,299,
-1,322,320,318,315,348,346,343,340,338,378,410,432,452,466,472,489,487,485,483,481,479,477,469,462,448,429,407,375,334,
-1,438,441,443,422,425,397,400,403,366,369,371,330,306,286,272,262,252,244,224,216,206,196,185,160,159,157,154,151,148,146,144,142,140,138,135,132,132,132,132,132,132,132,132,132,132,132,132,132,132,132,132,132,132,132,88,87,85,62,54,46,37,29,21,15,14,12,10,8,6,4,20,28,36,42,51,59,81,123,166,190,203,213,221,229,249,259,269,277,291,311,335,
-1,82,60,52,44,43,34,26,25,17,0,0,0,0,0,0,0,0,0,0,0,0,0,0,0,3,5,7,9,11,13,16,22,30,38,47,55,63,84,86,89,92,94,97,99,101,
-1,71,69,67,65,95,93,93,134,132,129,127,170,195,205,215,223,223,223,223,223,243,240,238,236,234,232,230,220,211,201,189,165,122,80,
-1,-1,-1,-1,321,323,325,329,361,364,364,364,367,369,371,330,306,286,272,262,252,244,224,216,206,196,185,160,159,157,154,151,184,182,180,178,
-1,391,393,395,395,395,395,395,395,398,400,403,403,403,366,369,371,330,306,286,272,262,252,244,224,216,206,196,185,160,159,157,154,151,148,146,144,142,140,138,135,135,135,135,135,135,135,135,135,135,135,135,135,135,135,135,135,132,88,87,85,62,54,46,37,29,21,15,14,12,10,8,6,4,20,28,36,42,51,59,81,123,166,190,203,213,221,229,249,259,269,277,291,311,335,
-1,333,374,406,428,446,460,468,473,473,473,473,473,473,473,473,473,473,473,473,473,473,473,473,473,475,478,480,482,484,486,488,471,465,451,431,409,377,336,339,342,379,381,385,411,414,416,418,
-1,78,56,48,39,31,31,31,31,31,31,35,26,26,26,26,26,26,26,26,26,26,25,25,25,25,25,25,17,0,3,5,7,9,11,13,16,22,30,38,47,55,63,84,86,89,92,94,97,99,101,103,105,107,111,153,155,158,161,186,197,207,217,225,245,253,263,273,287,307,331,372,370,368,365,362,328,327,304,303,300,
-1,-1,-1,-1,78,56,48,39,39,39,39,39,39,39,39,31,31,31,31,31,31,31,31,31,31,31,31,31,35,26,19,19,2,5,7,9,11,13,16,22,30,38,47,55,63,84,86,89,92,94,97,99,101,103,105,107,111,153,155,158,161,186,197,207,217,225,245,253,263,273,287,307,331,372,370,368,365,362,359,357,355,353,351,349,346,343,340,338,378,410,432,452,466,472,489,487,485,483,481,479,477,469,462,448,429,407,375,334,
-1,-1,-1,-1,82,60,52,44,43,34,26,25,17,17,17,17,17,17,17,17,17,17,17,17,17,17,17,0,3,5,7,9,11,13,16,22,30,38,47,55,63,84,86,89,92,94,97,99,101,103,105,107,111,153,155,158,161,186,197,207,217,225,245,253,263,273,287,307,331,372,370,368,365,362,359,357,355,353,351,349,346,343,340,338,378,410,432,452,466,472,489,487,485,483,481,479,477,469,462,448,429,407,375,334,
-1,-1,-1,-1,-1,-1,-1,-1,-1,-1,78,78,78,78,78,78,78,56,56,56,56,56,56,56,56,56,56,56,56,56,48,39,31,23,17,0,0,0,0,0,0,0,0,0,0,0,0,0,0,0,0,0,0,0,0,0,0,0,0,0,0,0,0,0,0,0,0,0,0,0,0,0,0,0,0,0,0,0,0,0,3,5,7,9,11,13,16,22,30,38,47,55,63,84,86,89,131,133,137,171,173,175,177,
-1,-1,-1,-1,-1,-1,-1,-1,-1,-1,-1,-1,-1,-1,-1,-1,-1,-1,-1,78,78,78,78,78,78,78,78,78,78,78,78,56,48,39,31,23,17,17,17,17,17,17,17,17,17,17,17,17,17,17,17,17,17,17,17,17,17,17,17,17,17,17,17,17,17,17,17,17,17,17,17,17,17,17,17,17,17,17,17,17,17,0,3,5,7,9,11,13,16,22,30,38,47,55,63,84,86,89,92,94,97,99,101,
-1,-1,-1,-1,438,441,443,422,425,425,425,425,397,400,400,400,403,366,369,371,330,306,286,272,262,252,244,224,216,206,196,185,160,159,157,154,151,184,182,180,178,176,174,172,136,136,136,136,136,136,136,136,136,136,136,136,136,136,136,135,132,88,87,85,62,54,46,37,29,21,15,14,12,10,8,6,4,20,28,36,42,51,59,81,123,166,190,203,213,221,229,249,259,269,277,291,311,335,
-1,-1,-1,-1,71,69,67,65,95,95,93,134,132,129,127,170,195,205,215,215,215,215,215,223,223,223,223,223,223,223,223,223,223,223,223,223,223,223,223,223,223,223,223,223,223,223,223,243,240,238,236,234,232,230,220,211,201,189,165,122,80,
-1,-1,-1,-1,-1,-1,-1,322,320,318,315,348,346,346,346,346,346,346,346,346,346,346,346,346,346,346,346,346,346,346,346,346,346,346,346,346,346,346,346,346,346,346,346,346,346,382,380,380,380,380,380,380,380,380,380,380,341,340,338,312,292,278,270,260,250,241,240,238,236,234,232,230,220,211,201,200,187,163,120,78,56,48,39,31,35,26,19,2,5,7,9,11,13,16,22,30,38,47,55,63,84,86,89,92,94,97,99,101,
-1,-1,-1,-1,-1,-1,-1,71,69,67,65,65,65,65,65,65,65,65,65,65,65,65,65,65,65,65,65,65,65,65,65,65,65,65,65,65,65,65,65,65,65,65,65,65,65,65,65,65,65,65,65,65,65,65,65,65,65,65,95,93,93,93,93,90,87,85,62,54,46,37,29,21,15,14,12,10,8,6,4,20,28,36,42,51,59,81,123,166,190,203,213,221,229,249,259,269,277,291,311,335,
-1,-1,-1,-1,332,308,288,274,264,268,257,248,228,220,211,201,189,165,122,80,58,50,50,50,50,50,50,50,50,41,41,34,26,26,19,2,5,7,9,11,13,16,22,30,38,47,55,63,84,86,89,92,94,97,99,101,
-1,-1,-1,-1,143,145,147,150,152,155,113,116,119,119,119,119,119,119,119,119,119,119,119,119,119,119,119,119,119,119,119,119,119,119,162,186,197,207,217,225,245,253,263,273,287,307,331,372,370,368,365,362,359,357,355,
-1,-1,-1,-1,-1,-1,-1,332,308,288,274,264,254,246,226,218,208,198,187,163,120,120,120,120,120,120,120,120,120,120,120,120,120,78,56,48,39,31,23,23,23,23,23,23,23,23,23,23,23,23,23,23,23,23,23,23,23,23,23,23,23,23,23,23,23,23,23,23,23,23,23,23,23,23,23,23,23,23,23,23,23,23,23,17,0,0,0,0,0,0,3,5,7,9,11,13,16,22,30,38,47,55,63,84,86,89,92,94,97,99,101,103,105,107,111,153,155,158,161,186,197,207,217,225,245,253,263,273,287,307,331,372,370,368,365,362,328,327,304,303,300,
-1,-1,-1,-1,-1,-1,-1,-1,-1,-1,333,374,406,428,446,460,468,468,468,468,468,468,468,468,468,468,468,473,475,478,480,482,484,486,488,471,465,451,431,409,377,336,339,342,342,342,342,345,347,314,316,319,321,323,325,329,361,364,401,403,403,403,403,403,403,403,403,403,403,403,403,403,403,403,403,403,403,403,366,369,371,330,306,286,272,262,252,244,224,216,206,196,185,160,159,157,154,151,148,146,144,142,140,138,135,132,129,127,170,195,205,215,223,243,240,238,236,234,232,230,220,211,201,189,165,122,80,
-1,-1,-1,-1,-1,-1,-1,-1,-1,-1,-1,-1,-1,333,374,406,428,446,449,464,464,464,461,461,461,461,461,461,468,473,475,478,480,482,484,486,488,471,465,451,431,409,377,377,377,377,377,377,377,377,377,377,377,377,377,377,377,377,377,377,377,336,339,342,379,381,385,411,414,416,418,
-1,-1,-1,-1,-1,-1,-1,-1,-1,-1,-1,-1,-1,-1,-1,-1,-1,-1,-1,-1,-1,-1,-1,-1,-1,-1,-1,-1,-1,-1,-1,-1,-1,82,60,52,44,44,44,44,44,44,44,44,44,44,44,44,44,44,44,44,44,44,44,44,44,44,44,44,44,44,44,44,44,44,44,44,44,44,44,44,44,44,44,44,44,44,44,44,44,44,44,44,44,43,43,34,26,19,19,19,2,5,7,9,11,13,16,22,30,38,47,55,63,84,86,89,131,133,137,139,141,143,145,147,150,152,155,158,161,186,197,207,217,225,245,253,263,273,287,307,331,372,370,368,404,402,399,426,424,444,442,458,456,
-1,-1,-1,-1,-1,-1,-1,439,437,434,434,434,434,434,434,434,434,434,434,434,434,434,434,434,434,434,434,434,434,434,434,434,434,434,434,434,434,434,434,434,434,434,434,434,434,434,434,434,434,434,434,434,434,434,434,434,434,434,434,434,434,434,434,434,434,434,434,434,434,434,434,413,412,384,383,380,341,340,338,312,292,278,270,260,250,241,240,238,236,234,232,232,232,232,232,230,220,211,201,189,165,122,80,58,50,41,34,26,19,2,5,7,9,11,13,16,22,30,38,47,55,63,84,86,89,92,94,97,99,101,
-1,-1,-1,-1,282,285,302,305,305,305,305,305,305,305,305,305,305,305,305,305,305,305,305,305,305,305,305,305,305,305,305,305,305,305,305,305,305,305,305,305,305,305,305,305,305,305,305,305,305,305,305,305,305,305,305,305,305,326,329,361,364,364,364,364,364,364,364,364,364,364,401,401,401,401,401,401,401,401,401,401,403,366,369,371,330,306,286,272,262,252,244,224,216,206,196,185,160,159,157,154,110,109,76,75,73,71,69,67,65,65,95,93,134,132,132,132,132,132,132,132,132,132,132,132,132,132,88,87,85,62,54,46,37,29,21,15,14,12,10,8,6,4,20,28,36,42,51,59,81,123,166,190,203,213,221,229,249,259,269,277,291,311,335,
-1,-1,-1,-1,-1,-1,-1,-1,-1,-1,70,72,74,77,108,111,114,116,116,116,116,116,116,116,116,116,116,116,116,116,116,116,116,116,116,116,119,162,186,197,207,217,225,245,253,263,273,287,307,331,372,370,368,404,402,399,426,424,421,419,
-1,-1,-1,-1,-1,-1,-1,-1,-1,-1,-1,-1,-1,-1,-1,-1,-1,-1,-1,-1,-1,-1,-1,-1,-1,-1,-1,-1,-1,-1,-1,-1,-1,-1,-1,-1,-1,-1,-1,-1,-1,-1,-1,-1,-1,-1,-1,-1,-1,-1,-1,-1,-1,-1,-1,-1,-1,-1,-1,-1,-1,-1,-1,-1,-1,-1,-1,-1,-1,-1,-1,-1,-1,-1,-1,-1,-1,-1,-1,-1,-1,-1,-1,-1,-1,-1,-1,-1,-1,-1,-1,-1,-1,-1,-1,-1,-1,-1,-1,-1,-1,-1,-1,-1,-1,-1,-1,-1,71,69,67,67,65,95,93,93,93,93,93,93,93,93,93,134,134,134,134,134,132,88,87,85,62,54,46,37,29,21,15,14,12,10,8,6,4,20,28,36,42,51,59,81,123,166,190,203,213,221,229,231,233,235,237,239,242,251,261,271,279,293,313,337,339,342,345,347,350,352,354,
-1,-1,-1,-1,-1,-1,-1,-1,-1,-1,-1,-1,-1,-1,-1,-1,-1,-1,-1,-1,-1,-1,-1,-1,-1,-1,-1,-1,-1,-1,-1,-1,-1,-1,-1,-1,-1,-1,-1,-1,-1,-1,-1,-1,-1,-1,-1,-1,-1,-1,-1,-1,-1,-1,-1,321,323,323,323,323,323,323,323,323,323,323,323,323,323,323,323,323,323,323,323,323,323,323,323,323,325,329,361,364,367,369,371,330,306,286,272,262,252,244,224,216,206,196,185,160,118,117,115,115,115,115,115,115,115,115,115,115,115,115,115,115,115,112,109,106,104,102,
-1,-1,-1,-1,-1,-1,-1,-1,-1,-1,-1,-1,-1,-1,-1,-1,333,374,406,428,446,446,446,446,446,446,446,446,449,464,461,468,473,473,473,473,473,473,473,473,473,473,473,473,473,473,473,473,473,473,473,473,473,473,473,473,473,473,473,473,473,473,473,473,473,473,473,473,473,473,473,473,473,473,473,473,473,473,473,473,473,473,473,473,473,473,473,473,473,473,473,473,473,473,473,473,473,473,473,473,473,473,473,475,478,480,482,484,486,488,471,465,451,431,409,377,336,339,342,379,381,385,411,414,416,418,
