118
1
11
11
12
12
16
18
20
22
22
23
23
26
26
27
27
28
28
30
30
31
31
33
33
34
34
36
36
36
37
37
39
41
41
42
42
44
44
45
45
46
46
46
48
48
49
49
52
52
53
53
54
54
54
55
55
56
56
57
57
58
58
60
61
61
62
62
63
63
63
63
64
64
64
64
65
65
66
66
66
66
67
67
72
72
73
73
73
74
74
74
74
75
75
76
76
81
81
82
82
84
84
85
85
86
86
86
86
87
87
88
88
89
90
91
91
94
96
126
0,1
1,4
2,0
3,2
4,8
5,13
6,17
7,18
8,11
9,3
10,9
11,22
12,5
13,27
14,16
15,30
16,6
17,15
18,21
19,7
20,19
21,32
22,25
23,10
24,23
25,37
26,12
26,29
27,42
28,42
29,14
30,28
31,46
32,35
33,20
34,33
35,47
36,24
37,52
38,41
39,55
40,26
41,26
42,57
42,39
43,45
44,61
45,31
46,44
47,50
48,34
49,48
50,69
51,36
51,54
52,73
53,73
54,38
55,53
56,40
57,79
58,60
59,82
60,43
61,59
62,63
63,65
64,62
65,68
66,64
67,49
67,72
68,72
69,86
70,86
70,66
71,51
72,51
72,75
73,90
73,70
74,70
75,78
76,74
77,56
78,81
79,95
80,76
81,58
82,80
83,85
84,99
85,67
86,89
86,84
87,67
88,71
89,93
90,101
91,87
92,91
93,102
94,77
95,106
96,98
97,115
98,83
99,97
100,88
101,116
102,105
103,92
104,94
105,108
106,117
107,103
108,110
109,107
110,112
111,109
112,111
113,114
114,96
115,113
116,100
117,104
