298
8
8
9
9
10
10
11
11
12
27
27
28
28
46
46
47
47
65
65
66
66
84
84
85
85
95
95
96
96
97
97
98
98
99
104
109
113
114
114
115
115
128
128
129
129
133
133
133
134
134
140
141
141
142
142
143
143
144
144
145
145
146
146
146
147
147
147
148
148
148
149
152
152
153
153
153
164
165
165
166
166
166
166
167
167
167
168
168
169
169
170
170
171
171
171
172
172
172
173
173
180
181
181
182
182
183
183
184
184
185
185
185
186
186
186
186
187
187
188
188
190
190
191
191
192
192
193
193
193
204
204
205
205
206
206
208
209
209
210
210
213
213
213
214
214
221
223
223
224
224
226
226
228
228
229
229
233
233
234
234
235
235
241
241
242
242
242
243
243
246
246
247
247
248
248
253
253
255
255
256
256
261
261
262
262
262
263
263
266
266
266
267
267
273
273
276
276
277
277
280
280
281
281
283
283
284
284
285
285
286
286
286
287
287
293
293
297
300
300
304
304
304
305
305
305
306
306
307
307
307
308
308
309
309
310
310
311
313
313
320
324
333
333
338
348
349
349
350
350
351
351
352
352
353
353
353
353
354
354
355
355
356
357
357
358
358
363
364
364
365
365
366
366
367
367
368
368
369
369
370
370
371
371
372
372
373
373
373
373
374
374
375
375
376
376
377
377
393
320
0,2
1,12
2,4
3,1
4,6
5,3
6,8
7,5
8,7
9,11
10,16
11,0
12,10
13,15
14,20
15,9
16,14
17,19
18,24
19,13
20,18
21,23
22,34
23,17
24,22
25,27
26,40
27,29
28,26
29,31
30,28
31,33
32,30
33,32
34,21
35,44
36,46
37,39
38,49
39,25
40,38
41,43
42,68
43,35
44,42
45,36
45,48
46,75
47,75
48,37
49,47
50,51
51,53
52,50
53,55
54,52
55,57
56,54
57,59
58,56
59,62
60,58
61,65
62,65
63,81
63,60
64,67
65,67
66,84
66,63
67,41
67,70
68,66
69,66
70,69
71,74
72,97
73,45
74,45
75,99
75,72
76,77
77,80
78,76
79,61
79,83
80,83
81,114
82,114
82,78
83,64
83,86
84,82
85,82
86,88
87,85
88,90
89,87
90,93
91,89
92,96
93,96
94,123
94,91
95,94
96,71
96,124
97,94
98,73
99,128
100,101
101,103
102,100
103,105
104,102
105,107
106,104
107,110
108,106
109,113
110,113
111,132
111,108
112,79
113,79
113,116
114,134
114,111
115,111
116,119
117,115
118,117
119,135
120,122
121,139
122,92
123,121
124,127
125,95
126,98
126,125
127,141
128,141
129,131
130,149
131,109
132,130
133,112
134,151
135,118
136,138
137,155
138,120
139,137
140,126
141,144
141,157
142,126
143,142
144,158
145,162
146,148
147,168
148,129
149,147
150,133
151,170
152,154
153,174
154,136
155,153
156,140
157,176
158,161
159,143
160,159
161,177
162,165
163,145
164,167
164,163
165,184
166,184
167,146
168,166
169,150
170,189
171,173
172,192
173,152
174,172
175,156
176,194
177,180
178,160
179,178
180,195
181,183
182,202
183,164
184,187
184,182
185,164
186,185
187,203
188,169
188,191
189,210
190,210
191,171
192,190
193,175
194,215
195,198
196,179
197,196
198,216
199,201
200,218
201,181
202,200
203,206
204,186
205,204
206,220
207,209
208,223
209,188
210,213
210,208
211,188
212,211
213,228
214,193
215,238
216,197
217,199
218,239
219,222
220,222
221,205
221,240
222,207
222,225
223,221
224,221
225,227
226,224
227,212
227,230
228,226
229,226
230,232
231,229
232,234
233,231
234,236
235,233
236,235
237,214
238,242
239,217
240,219
241,237
242,255
243,265
244,245
245,247
246,244
247,249
248,246
249,251
250,248
251,254
252,250
253,241
254,257
255,287
256,252
257,259
258,256
259,261
260,258
261,260
262,264
263,296
264,243
265,263
266,267
267,269
268,266
269,271
270,268
271,273
272,270
273,275
274,272
275,277
276,274
277,279
278,276
279,281
280,278
281,283
282,280
283,286
284,282
285,253
286,289
287,297
288,284
289,291
290,288
291,293
292,290
293,295
294,292
295,262
296,294
297,285
