108
0
4
10
10
11
11
12
14
14
15
15
17
21
21
22
22
23
23
25
25
26
26
26
27
27
31
31
32
32
33
33
34
34
35
35
36
36
36
37
37
41
42
42
42
43
43
43
44
44
44
44
45
45
45
46
46
46
47
47
47
48
48
48
49
53
53
53
54
54
54
54
55
55
55
56
56
58
58
59
59
62
62
63
63
64
64
65
65
66
66
69
69
71
71
72
72
74
74
76
79
79
81
84
84
89
89
94
99
124
0,2
1,7
2,5
3,0
4,3
5,13
6,14
7,10
8,1
9,8
10,18
11,24
12,4
13,25
14,17
15,6
16,15
17,29
18,21
19,9
20,23
20,19
21,36
22,36
23,11
24,22
25,28
26,12
27,26
28,42
29,32
30,16
31,30
32,49
33,35
34,52
35,20
36,39
36,34
37,20
38,37
39,58
40,41
41,45
42,45
43,27
43,40
44,43
45,48
45,65
46,43
47,31
47,51
48,51
49,69
50,69
50,46
51,33
51,55
52,50
53,50
54,53
55,57
55,75
56,53
57,61
58,61
59,38
59,56
60,59
61,63
61,76
62,59
63,62
64,68
65,68
66,44
66,83
67,47
67,72
68,47
68,72
69,85
69,66
70,85
70,66
71,70
72,74
72,86
73,70
74,54
75,73
76,79
77,60
78,77
79,91
80,82
81,95
82,64
83,81
84,67
85,97
86,89
87,71
88,87
89,98
90,78
91,100
92,94
93,101
94,80
95,93
96,84
97,103
98,88
99,90
100,105
101,92
102,96
103,106
104,99
105,107
106,102
107,104
